ToneOrder   AzOrder    TimeOrder     mtime     btime     rtime
        2         2       3.7815    0.7083    0.7719    2.3013
        2         3       3.8482    0.7083    0.8487    2.2912
        4         1       4.3149    1.4167    0.7321    2.1661
        1         4       4.3815    2.1250    0.7650    1.4915
        1         7       4.3482    2.1250    0.7783    1.4449
        3         4       4.5149    2.1250    0.6119    1.7780
        2         5       3.9482    0.7083    0.7216    2.5183
        3         6       3.9482    0.7083    0.7833    2.4566
        2         4       4.0815    1.4167    0.5304    2.1344
        2         1       4.3815    2.1250    0.5015    1.7551
        2         4       4.5149    2.1250    0.6885    1.7014
        4         6       4.1482    1.4167    0.5511    2.1805
        1         4       4.2482    1.4167    0.5287    2.3029
        2         7       4.4815    2.1250    0.7893    1.5673
        4         4       4.4482    2.1250    0.5580    1.7652
        3         7       4.4149    2.1250    0.5547    1.7352
        2         4       4.4482    2.1250    0.7789    1.5443
        4         3       3.9482    0.7083    0.6610    2.5788
        2         4       3.9149    0.7083    0.7669    2.4396
        2         7       4.3482    2.1250    0.5781    1.6451
        2         4       4.3482    2.1250    0.5369    1.6863
        4         7       4.4149    2.1250    0.6552    1.6347
        2         4       4.4815    2.1250    0.6894    1.6671
        4         1       4.4149    2.1250    0.6105    1.6794
        1         1       3.6149    0.0000    0.5284    3.0865
        2         3       4.2149    1.4167    0.5522    2.2460
        4         3       3.5815    0.0000    0.5172    3.0643
        3         4       4.0482    0.7083    0.8266    2.5133
        2         3       4.0149    0.7083    0.8338    2.4728
        3         3       3.7149    0.0000    0.7762    2.9387
        4         1       4.2815    1.4167    0.6617    2.2032
        4         3       4.1815    1.4167    0.7123    2.0526
        4         3       3.7149    0.0000    0.7871    2.9278
        3         3       3.5149    0.0000    0.6055    2.9093
        4         2       3.8482    0.7083    0.5118    2.6280
        2         2       3.6149    0.0000    0.7191    2.8957
        2         3       3.7815    0.7083    0.8767    2.1965
        3         3       3.5149    0.0000    0.9273    2.5876
        2         5       4.2482    1.4167    0.5983    2.2333
        4         5       3.6815    0.0000    0.6240    3.0575
        1         6       4.0149    0.7083    0.5055    2.8010
        4         7       3.9815    0.7083    0.6717    2.6015
        2         6       3.8482    0.7083    0.8938    2.2460
        2         5       3.9482    0.7083    0.8488    2.3911
        1         2       4.5149    2.1250    0.7598    1.6301
        2         5       4.3482    2.1250    0.5476    1.6756
        2         7       4.1149    1.4167    0.8053    1.8929
        4         7       3.4815    0.0000    0.8664    2.6152
        4         5       4.0815    1.4167    0.5239    2.1410
        1         2       4.4482    2.1250    0.7979    1.5253
        1         5       4.5815    2.1250    0.6652    1.7913
        2         3       4.1149    1.4167    0.6105    2.0877
        2         4       3.9482    0.7083    0.9084    2.3315
        1         2       4.1149    1.4167    0.6878    2.0104
        3         2       3.5815    0.0000    0.6527    2.9289
        3         1       4.0149    0.7083    0.6247    2.6818
        4         2       3.8298    0.7083    0.5925    2.5289
        1         4       4.3631    1.4167    0.5788    2.3676
        4         6       4.3631    1.4167    0.7341    2.2123
        4         4       4.1631    1.4167    0.5437    2.2027
        1         5       3.8631    0.7083    0.6866    2.4681
        3         7       4.1298    1.4167    0.5216    2.1915
        4         4       4.4631    2.1250    0.5045    1.8336
        1         4       3.6964    0.0000    0.5049    3.1915
        3         4       3.6964    0.0000    0.7003    2.9961
        3         2       4.1631    1.4167    0.6288    2.1176
        1         2       3.7631    0.0000    0.8173    2.9458
        1         3       4.0631    0.7083    0.6469    2.7078
        1         1       4.3631    1.4167    0.8246    2.1218
        3         4       4.6631    2.1250    0.7324    1.8057
        1         6       4.3631    1.4167    0.5678    2.3787
        1         7       4.0631    0.7083    0.7292    2.6255
        2         6       3.9964    0.7083    0.6186    2.6695
        1         6       3.6298    0.0000    0.9464    2.6833
        4         4       4.1631    1.4167    0.6866    2.0598
        3         6       4.2964    1.4167    0.6763    2.2034
        3         6       3.7964    0.0000    0.7660    3.0304
        3         5       3.9298    0.7083    0.5059    2.7155
        3         2       4.5964    2.1250    0.5323    1.9391
        3         5       4.5964    2.1250    0.6794    1.7920
        2         6       3.8631    0.7083    0.8568    2.2980
        3         6       3.6631    0.0000    0.6293    3.0338
        1         4       4.1298    1.4167    0.7756    1.9374
        2         5       3.9631    0.7083    0.7725    2.4823
        2         6       3.8964    0.7083    0.6904    2.4977
        3         3       4.4298    2.1250    0.7309    1.5739
        1         1       4.2964    1.4167    0.8505    2.0293
        1         2       3.9631    0.7083    0.8639    2.3909
        1         4       4.2298    1.4167    0.5919    2.2212
        4         2       4.1631    1.4167    0.6932    2.0532
        3         2       3.7631    0.0000    0.6576    3.1055
        1         1       3.9298    0.7083    0.8435    2.3779
        1         4       4.4964    2.1250    0.7150    1.6565
        2         3       3.9298    0.7083    0.5651    2.6563
        1         5       4.2964    1.4167    0.8157    2.0640
        1         3       4.2964    1.4167    0.7881    2.0917
        1         2       3.8964    0.7083    0.7729    2.4152
        1         3       4.0298    0.7083    0.5089    2.8125
        3         3       3.6631    0.0000    0.9224    2.7407
        1         3       3.6298    0.0000    0.7020    2.9278
        4         3       3.7298    0.0000    0.5339    3.1959
        2         6       4.4298    2.1250    0.6184    1.6863
        2         5       3.8964    0.7083    0.8701    2.3180
        4         7       4.1631    1.4167    0.8244    1.9221
        1         4       4.3964    2.1250    0.7021    1.5693
        3         2       4.1298    1.4167    0.6883    2.0248
        4         1       3.8298    0.7083    0.5332    2.5882
        1         2       3.9631    0.7083    0.6618    2.5930
        4         4       4.2631    1.4167    0.5292    2.3172
        3         7       4.5631    2.1250    0.5592    1.8789
        1         5       4.1631    1.4167    0.8534    1.8930
        3         5       3.7631    0.0000    0.8937    2.8694
        2         3       4.0851    1.4167    0.7190    1.9494
        2         6       4.4185    2.1250    0.5895    1.7039
        4         7       3.8851    0.7083    0.7256    2.4512
        2         5       4.1185    1.4167    0.5077    2.1941
        4         5       3.5851    0.0000    0.9615    2.6236
        2         4       3.7518    0.7083    0.5531    2.4904
        4         2       4.1185    1.4167    0.8286    1.8732
        2         3       3.8518    0.7083    0.6347    2.5088
        4         1       4.1851    1.4167    0.6236    2.1449
        2         3       4.2185    1.4167    0.7377    2.0641
        2         5       4.2851    1.4167    0.8322    2.0362
        2         4       4.0185    0.7083    0.6583    2.6518
        4         6       4.2185    1.4167    0.5963    2.2055
        1         3       4.3518    2.1250    0.7392    1.4876
        4         5       4.1851    1.4167    0.7542    2.0142
        3         6       3.9185    0.7083    0.8593    2.3508
        3         7       3.8851    0.7083    0.7680    2.4088
        1         5       4.1851    1.4167    0.7752    1.9932
        3         5       3.6851    0.0000    0.8345    2.8507
        1         2       4.3185    2.1250    0.6232    1.5702
        4         4       4.1185    1.4167    0.5289    2.1729
        2         7       4.5518    2.1250    0.7103    1.7165
        3         4       4.4518    2.1250    0.6820    1.6448
        3         4       3.5851    0.0000    0.9638    2.6213
        4         2       4.2851    1.4167    0.7465    2.1220
        4         4       4.2851    1.4167    0.6845    2.1840
        3         3       3.9185    0.7083    0.5728    2.6373
        4         4       4.0185    0.7083    0.8735    2.4367
        3         4       3.7518    0.0000    0.5965    3.1553
        2         4       3.5518    0.0000    0.6181    2.9337
        1         7       4.5851    2.1250    0.5194    1.9408
        4         5       4.1851    1.4167    0.8619    1.9065
        3         5       3.6518    0.0000    0.9306    2.7212
        3         3       4.2851    1.4167    0.7432    2.1253
        4         6       4.5185    2.1250    0.7580    1.6355
        1         4       4.1185    1.4167    0.6923    2.0095
        1         7       4.4518    2.1250    0.5068    1.8199
        4         7       3.6185    0.0000    0.9344    2.6840
        4         6       3.8851    0.7083    0.5952    2.5816
        2         6       3.7185    0.0000    0.9714    2.7470
        4         4       4.0851    1.4167    0.7134    1.9550
        3         7       4.5851    2.1250    0.7183    1.7418
        3         4       4.3518    2.1250    0.6021    1.6247
        4         5       3.7851    0.7083    0.5994    2.4774
        1         4       3.8518    0.7083    0.6538    2.4896
        4         3       3.9851    0.7083    0.9233    2.3535
        1         3       3.5518    0.0000    0.7060    2.8458
        3         3       3.7185    0.0000    0.5687    3.1497
        1         6       4.4185    2.1250    0.7148    1.5787
        1         3       4.5185    2.1250    0.7409    1.6526
        4         1       4.1851    1.4167    0.7230    2.0454
        4         3       4.2518    1.4167    0.6224    2.2127
        3         4       3.7851    0.7083    0.5734    2.5033
        2         1       4.5851    2.1250    0.5515    1.9086
        4         4       4.3518    2.1250    0.6701    1.5566
        2         5       4.0185    0.7083    0.6028    2.7074
        3         5       3.6315    0.0000    0.7725    2.8591
        1         6       3.9649    0.7083    0.9179    2.3387
        4         5       4.0649    0.7083    0.5927    2.7638
        3         2       4.4649    2.1250    0.5264    1.8135
        2         5       4.6315    2.1250    0.5213    1.9852
        4         2       4.5982    2.1250    0.7579    1.7153
        4         5       4.5649    2.1250    0.5863    1.8536
        4         3       4.2315    1.4167    0.5337    2.2812
        3         4       3.8982    0.7083    0.5028    2.6871
        1         3       3.9315    0.7083    0.7505    2.4727
        1         5       4.3649    1.4167    0.6865    2.2617
        4         7       4.2315    1.4167    0.8222    1.9926
        1         5       4.1649    1.4167    0.7556    1.9926
        2         7       4.1315    1.4167    0.8386    1.8763
        1         5       4.1649    1.4167    0.5591    2.1891
        3         7       4.1982    1.4167    0.5024    2.2792
        3         5       4.1315    1.4167    0.6768    2.0381
        4         3       4.3649    1.4167    0.7097    2.2385
        2         1       4.1982    1.4167    0.5052    2.2764
        3         1       3.7649    0.0000    0.5083    3.2566
        2         2       4.0649    0.7083    0.6934    2.6632
        4         2       3.6315    0.0000    0.8262    2.8053
        1         5       4.5315    2.1250    0.6321    1.7745
        4         7       4.3649    1.4167    0.8594    2.0888
        2         7       3.5649    0.0000    0.5315    3.0334
        1         6       3.8649    0.7083    0.6335    2.5230
        4         7       3.9982    0.7083    0.5868    2.7031
        2         6       3.7982    0.7083    0.6361    2.4538
        4         3       4.4649    2.1250    0.5680    1.7719
        4         6       4.5649    2.1250    0.5343    1.9056
        3         7       4.0315    0.7083    0.5844    2.7388
        3         7       3.5982    0.0000    0.8409    2.7573
        2         7       3.5982    0.0000    0.9432    2.6551
        2         7       3.5315    0.0000    0.6437    2.8879
        1         6       3.9315    0.7083    0.5331    2.6901
        1         3       4.5649    2.1250    0.5215    1.9184
        2         2       3.9982    0.7083    0.7969    2.4930
        4         2       3.5982    0.0000    0.8773    2.7209
        2         1       3.9982    0.7083    0.8756    2.4143
        2         2       3.8982    0.7083    0.6242    2.5657
        4         5       4.5649    2.1250    0.5286    1.9113
        2         7       4.2315    1.4167    0.7626    2.0523
        3         6       3.9315    0.7083    0.6902    2.5330
        3         6       3.5982    0.0000    0.8790    2.7192
        3         3       4.5315    2.1250    0.7252    1.6814
        1         6       4.3649    2.1250    0.7868    1.4531
        4         5       3.8982    0.7083    0.5627    2.6272
        2         6       4.0649    0.7083    0.9174    2.4392
        1         7       4.0315    0.7083    0.8060    2.5173
        1         7       3.6982    0.0000    0.7243    2.9740
        3         5       4.2982    1.4167    0.7584    2.1231
        3         5       3.7982    0.0000    0.7497    3.0485
        1         7       4.2315    1.4167    0.7563    2.0586
        1         5       4.0982    1.4167    0.7600    1.9216
        4         2       4.3982    2.1250    0.5999    1.6734
        2         2       3.7982    0.0000    0.8911    2.9071
        3         1       4.1125    0.7083    0.6501    2.7540
        2         2       4.0792    0.7083    0.8241    2.5467
        2         3       4.1458    0.7083    0.6751    2.7624
        3         1       4.3458    1.4167    0.6171    2.3121
        1         1       3.8125    0.0000    0.5566    3.2559
        3         2       4.0792    0.7083    0.7850    2.5858
        4         1       4.1458    0.7083    0.9372    2.5003
        3         1       3.7458    0.0000    0.5992    3.1466
        2         1       3.9458    0.0000    1.0029    2.9430
        1         1       3.8125    0.0000    0.6765    3.1360
        2         2       4.0458    0.7083    0.9176    2.4199
        3         5       4.7458    2.1250    0.6345    1.9864
        4         6       4.0458    0.7083    0.7278    2.6097
        2         6       3.7792    0.0000    0.5278    3.2513
        3         7       4.1125    0.7083    0.8337    2.5705
        1         7       3.9458    0.0000    0.5882    3.3576
        1         6       4.1792    0.7083    0.8408    2.6301
        3         6       3.8458    0.0000    0.7912    3.0546
        3         3       4.7458    2.1250    0.7948    1.8261
        4         2       4.0125    0.7083    0.9261    2.3780
        1         2       3.9792    0.0000    0.5432    3.4360
        4         1       4.2125    0.7083    0.5458    2.9584
        2         1       3.8458    0.0000    0.6160    3.2298
        4         1       3.8458    0.0000    0.9276    2.9182
        1         1       3.7792    0.0000    0.6710    3.1082
        3         1       3.7458    0.0000    0.6075    3.1383
        1         1       3.8458    0.0000    0.8672    2.9786
        2         2       3.9792    0.7083    0.7434    2.5274
        3         2       3.8792    0.0000    0.5922    3.2869
        2         1       4.1792    0.7083    0.7287    2.7421
        1         3       4.4792    1.4167    0.5772    2.4853
        2         1       4.4792    1.4167    0.6960    2.3665
        3         2       4.2458    0.7083    0.9057    2.6318
        1         2       3.7125    0.0000    0.8488    2.8637
        1         1       4.1458    0.7083    0.5604    2.8771
        2         1       3.9125    0.0000    0.8273    3.0852
        2         1       3.7792    0.0000    0.8247    2.9545
        3         1       3.9792    0.0000    0.9423    3.0368
        1         1       3.8792    0.0000    0.5225    3.3567
        4         1       3.8125    0.0000    0.6448    3.1677
        3         6       5.1458    3.5417    0.5231    1.0811
        1         7       4.1458    0.7083    0.6942    2.7433
        3         6       4.1458    0.7083    0.8545    2.5830
        1         6       3.7125    0.0000    0.8453    2.8672
        4         6       3.7125    0.0000    0.7266    2.9859
        2         7       4.1792    0.7083    0.6320    2.8389
        3         7       3.9125    0.0000    0.6224    3.2901
        4         6       4.2125    0.7083    0.6358    2.8684
        1         7       4.0125    0.7083    0.8881    2.4161
        4         6       3.9792    0.7083    0.8326    2.4383
        4         7       4.1125    0.7083    0.5810    2.8232
        3         1       5.6125    4.2500    0.5658    0.7967
        3         2       4.1792    0.7083    0.6248    2.8460
        3         1       4.0792    0.7083    0.7958    2.5750
        2         2       4.0792    0.7083    0.6821    2.6887
        3         1       4.2125    0.7083    0.8776    2.6265
