ToneOrder   AzOrder    TimeOrder     mtime     btime     rtime
        4         2       3.9238    0.7083    0.8921    2.3234
        1         1       3.9905    0.7083    0.7995    2.4827
        4         1       3.7238    0.0000    0.6423    3.0815
        1         2       3.7905    0.7083    0.8940    2.1881
        4         4       4.3238    1.4167    0.6418    2.2653
        4         7       4.4905    2.1250    0.5331    1.8323
        4         5       4.0905    1.4167    0.5575    2.1163
        4         4       3.9238    0.7083    0.7919    2.4236
        2         6       4.3238    1.4167    0.5807    2.3265
        2         7       3.9905    0.7083    0.5082    2.7740
        1         5       4.1905    1.4167    0.5827    2.1911
        2         3       4.2238    1.4167    0.7029    2.1043
        1         4       3.7905    0.7083    0.7780    2.3042
        3         2       4.2905    1.4167    0.8699    2.0039
        3         3       3.8905    0.7083    0.7663    2.4159
        4         5       4.0571    1.4167    0.5399    2.1006
        2         2       4.4238    2.1250    0.6938    1.6050
        3         1       3.8905    0.7083    0.5111    2.6710
        4         4       4.4571    2.1250    0.6141    1.7180
        3         4       3.7571    0.0000    0.9561    2.8011
        4         6       4.3238    1.4167    0.5188    2.3883
        2         6       3.5238    0.0000    0.6357    2.8881
        1         5       3.9238    0.7083    0.7263    2.4892
        4         4       3.7905    0.7083    0.8447    2.2375
        1         5       3.9905    0.7083    0.8824    2.3997
        2         6       3.8905    0.7083    0.7705    2.4116
        1         3       4.3571    2.1250    0.5515    1.6807
        1         4       3.9238    0.7083    0.5936    2.6219
        1         6       4.3238    1.4167    0.7196    2.1876
        1         3       4.3238    2.1250    0.6930    1.5058
        1         4       4.0571    0.7083    0.5738    2.7750
        4         6       4.1238    1.4167    0.5231    2.1840
        4         7       4.0571    0.7083    0.7192    2.6296
        3         7       3.7238    0.0000    0.8264    2.8974
        1         5       4.2905    1.4167    0.8402    2.0336
        4         4       4.0238    0.7083    0.6892    2.6263
        3         4       3.5571    0.0000    0.5643    2.9929
        3         7       4.5571    2.1250    0.7137    1.7185
        1         7       3.5238    0.0000    0.7904    2.7334
        3         4       4.5238    2.1250    0.5999    1.7989
        3         2       4.1571    1.4167    0.5310    2.2095
        2         5       4.5238    2.1250    0.8022    1.5966
        4         2       4.3571    2.1250    0.6266    1.6056
        2         3       3.8571    0.7083    0.6382    2.5106
        3         4       3.8905    0.7083    0.7069    2.4752
        4         4       3.5238    0.0000    0.7393    2.7845
        2         1       4.5238    2.1250    0.6726    1.7262
        4         1       3.5905    0.0000    0.7897    2.8008
        2         4       4.4905    2.1250    0.6034    1.7621
        3         4       3.7571    0.0000    0.5742    3.1830
        4         3       3.8571    0.7083    0.5727    2.5761
        3         5       4.1571    1.4167    0.7596    1.9809
        3         7       4.1238    1.4167    0.5499    2.1572
        2         4       4.5571    2.1250    0.6301    1.8020
        1         7       4.5238    2.1250    0.5020    1.8968
        1         4       4.5905    2.1250    0.7639    1.7016
        4         1       4.3185    2.1250    0.5081    1.6853
        3         4       4.4851    2.1250    0.6649    1.6953
        3         7       4.5518    2.1250    0.8072    1.6196
        4         6       3.9518    0.7083    0.8732    2.3702
        1         3       4.4518    2.1250    0.5449    1.7819
        3         6       4.4518    2.1250    0.5417    1.7851
        1         4       4.2185    1.4167    0.6262    2.1756
        4         2       4.2185    1.4167    0.5265    2.2753
        3         4       4.0851    1.4167    0.6341    2.0343
        2         3       3.8185    0.7083    0.6137    2.4964
        2         6       4.3851    2.1250    0.5356    1.7246
        2         5       3.8851    0.7083    0.5368    2.6400
        1         5       3.5518    0.0000    0.5520    2.9998
        1         6       3.9185    0.7083    0.9119    2.2982
        2         7       3.8851    0.7083    0.8775    2.2993
        1         5       4.0518    1.4167    0.6936    1.9416
        4         6       4.0185    0.7083    0.7200    2.5901
        4         6       3.6851    0.0000    0.6443    3.0409
        1         4       4.2185    1.4167    0.6107    2.1911
        3         7       4.5518    2.1250    0.7672    1.6596
        1         6       3.9518    0.7083    0.6045    2.6390
        3         3       4.3185    2.1250    0.5571    1.6363
        1         5       4.0518    1.4167    0.7533    1.8819
        4         4       3.7851    0.7083    0.6802    2.3965
        2         5       3.8851    0.7083    0.8694    2.3074
        2         3       4.2851    1.4167    0.6020    2.2665
        2         2       3.9851    0.7083    0.8562    2.4206
        2         3       3.9518    0.7083    0.5444    2.6990
        2         3       3.7518    0.0000    0.5606    3.1911
        2         5       4.2851    1.4167    0.8648    2.0037
        2         2       4.5518    2.1250    0.6153    1.8115
        4         5       4.3185    2.1250    0.5727    1.6208
        3         4       3.7518    0.7083    0.8738    2.1696
        1         2       4.1185    1.4167    0.5363    2.1655
        1         1       3.7518    0.7083    0.5235    2.5200
        1         3       4.1518    1.4167    0.5433    2.1918
        4         3       3.5185    0.0000    0.5162    3.0023
        4         6       4.3518    2.1250    0.6736    1.5532
        3         5       3.9185    0.7083    0.6880    2.5221
        4         5       3.5851    0.0000    0.5241    3.0611
        3         7       4.0851    1.4167    0.5060    2.1625
        4         5       4.0518    1.4167    0.6722    1.9629
        3         5       3.4851    0.0000    0.8783    2.6068
        2         4       3.8185    0.7083    0.7488    2.3613
        4         5       4.0185    0.7083    0.8582    2.4519
        4         3       4.2185    1.4167    0.5050    2.2968
        2         6       4.4851    2.1250    0.6877    1.6724
        2         3       4.4518    2.1250    0.6230    1.7038
        2         6       4.5518    2.1250    0.7714    1.6554
        3         4       4.2185    1.4167    0.7764    2.0254
        2         1       4.4851    2.1250    0.7132    1.6470
        4         3       4.2185    1.4167    0.8491    1.9527
        1         2       3.8851    0.7083    0.5231    2.6537
        2         2       3.5851    0.0000    0.6730    2.9122
        3         5       4.4518    2.1250    0.6287    1.6980
        3         6       3.8518    0.7083    0.5114    2.6321
        2         3       4.5685    2.1250    0.7479    1.6956
        2         5       4.3018    1.4167    0.8106    2.0745
        3         6       3.8351    0.7083    0.6969    2.4298
        2         7       4.0018    0.7083    0.8444    2.4490
        1         4       4.4351    2.1250    0.6681    1.6421
        2         4       3.7018    0.0000    0.8392    2.8626
        4         7       4.5018    2.1250    0.7640    1.6128
        3         5       4.2351    1.4167    0.6134    2.2051
        2         5       3.5351    0.0000    0.5764    2.9587
        2         5       3.6018    0.0000    0.5570    3.0448
        1         3       4.2685    1.4167    0.6808    2.1710
        1         6       4.4018    2.1250    0.7536    1.5232
        4         5       3.7685    0.7083    0.8081    2.2521
        2         4       3.7685    0.7083    0.7363    2.3238
        3         3       4.0018    0.7083    0.5217    2.7718
        1         4       3.8351    0.7083    0.8703    2.2565
        3         7       4.5351    2.1250    0.6497    1.7605
        2         4       4.5018    2.1250    0.7140    1.6628
        1         7       4.5018    2.1250    0.6616    1.7152
        2         4       4.5018    2.1250    0.7346    1.6421
        3         2       4.2351    1.4167    0.5113    2.3071
        3         3       3.8351    0.7083    0.7108    2.4160
        2         1       4.2685    1.4167    0.6688    2.1830
        2         2       3.8018    0.7083    0.5974    2.4960
        3         1       4.0018    0.7083    0.9202    2.3732
        1         2       3.9351    0.7083    0.9075    2.3193
        4         5       4.3685    2.1250    0.6045    1.6390
        4         4       3.8018    0.7083    0.7641    2.3294
        4         1       4.5351    2.1250    0.5483    1.8618
        3         2       3.7685    0.7083    0.5171    2.5430
        4         2       3.6685    0.0000    0.9181    2.7504
        2         2       3.7685    0.0000    0.8028    2.9657
        1         5       4.3685    2.1250    0.5236    1.7199
        4         2       4.3351    2.1250    0.6469    1.5632
        4         3       3.9351    0.7083    0.8842    2.3426
        2         2       3.8018    0.7083    0.5389    2.5545
        1         3       4.0018    0.7083    0.7130    2.5805
        1         1       4.3018    1.4167    0.5710    2.3141
        1         4       4.4351    2.1250    0.6585    1.6516
        3         3       3.8351    0.7083    0.7587    2.3681
        1         2       3.9685    0.7083    0.6102    2.6499
        4         1       3.9685    0.7083    0.6501    2.6100
        4         4       4.3351    2.1250    0.7054    1.5047
        1         1       4.3685    2.1250    0.6660    1.5774
        2         4       4.5685    2.1250    0.6783    1.7651
        2         3       3.9351    0.7083    0.7308    2.4960
        2         1       4.3018    1.4167    0.6004    2.2847
        2         2       3.9351    0.7083    0.8363    2.3905
        2         4       4.1685    1.4167    0.7816    1.9702
        2         7       4.3351    2.1250    0.6785    1.5316
        3         6       3.8685    0.7083    0.8285    2.3317
        3         6       3.5018    0.0000    0.9308    2.5710
        3         6       3.5685    0.0000    0.8803    2.6881
        4         5       3.8351    0.7083    0.7391    2.3877
        1         6       4.0351    0.7083    0.5847    2.7420
        3         3       4.3351    2.1250    0.7426    1.4675
        3         6       4.4893    2.1250    0.7199    1.6443
        3         3       4.3893    2.1250    0.7879    1.4764
        2         4       3.8893    0.7083    0.6665    2.5145
        4         4       3.7226    0.0000    0.8186    2.9041
        4         6       4.3560    1.4167    0.6844    2.2549
        4         3       4.4226    2.1250    0.6169    1.6807
        4         3       3.8226    0.0000    0.8349    2.9877
        3         6       4.5226    2.1250    0.5000    1.8976
        4         7       3.8893    0.7083    0.6648    2.5161
        3         5       4.1226    1.4167    0.5997    2.1063
        3         4       4.0893    0.7083    0.8860    2.4950
        2         6       4.1226    1.4167    0.5458    2.1602
        1         5       4.0560    0.7083    0.6994    2.6482
        1         2       4.6226    2.1250    0.6453    1.8524
        3         3       3.9226    0.7083    0.7929    2.4214
        1         1       4.2560    1.4167    0.7845    2.0548
        1         4       4.4226    2.1250    0.7886    1.5091
        3         3       3.9893    0.7083    0.8776    2.4033
        3         5       4.2226    1.4167    0.7823    2.0237
        3         5       3.7226    0.0000    0.7470    2.9756
        3         7       4.1560    1.4167    0.7185    2.0208
        4         6       3.9560    0.7083    0.8176    2.4300
        1         6       3.5893    0.0000    0.7624    2.8269
        1         7       4.0560    0.7083    0.5427    2.8049
        3         5       4.3226    1.4167    0.5875    2.3184
        2         5       3.7893    0.0000    0.8143    2.9750
        4         7       4.1226    1.4167    0.5752    2.1307
        4         6       3.8560    0.7083    0.9047    2.2429
        2         6       3.7560    0.0000    0.7471    3.0089
        1         3       4.4226    2.1250    0.6697    1.6279
        2         6       4.4226    2.1250    0.7062    1.5914
        2         6       3.6560    0.0000    0.9395    2.7165
        3         6       3.7893    0.0000    0.5156    3.2737
        2         7       4.0560    0.7083    0.5556    2.7920
        2         7       3.5560    0.0000    0.5842    2.9718
        1         6       4.0226    0.7083    0.6928    2.6215
        4         7       3.8560    0.7083    0.8869    2.2607
        4         5       4.1893    1.4167    0.6965    2.0761
        3         2       4.6226    2.1250    0.5278    1.9698
        1         3       4.0226    0.7083    0.6821    2.6322
        3         1       4.1560    1.4167    0.5387    2.2006
        2         1       3.6226    0.0000    0.6128    3.0098
        3         2       3.9893    0.7083    0.8188    2.4622
        1         1       4.0226    0.7083    0.6376    2.6767
        1         1       3.5893    0.0000    0.6698    2.9195
        3         1       3.5893    0.0000    0.9059    2.6834
        1         3       4.0893    1.4167    0.7839    1.8888
        1         6       4.4560    2.1250    0.6437    1.6872
        1         3       4.4893    2.1250    0.5753    1.7889
        3         1       4.2893    1.4167    0.7393    2.1333
        4         2       3.8560    0.7083    0.5838    2.5639
        1         5       4.5560    2.1250    0.6586    1.7723
        2         2       4.3560    2.1250    0.6400    1.5910
        3         5       4.5560    2.1250    0.5711    1.8598
        2         2       4.3893    2.1250    0.7674    1.4969
        1         2       3.5560    0.0000    0.7991    2.7569
        1         1       4.1095    0.7083    0.6472    2.7540
        4         1       3.9429    0.0000    0.5470    3.3959
        4         1       3.9095    0.0000    0.6408    3.2687
        4         2       3.9762    0.7083    0.7188    2.5491
        2         5       4.7429    2.1250    0.7072    1.9106
        4         3       4.4762    1.4167    0.6241    2.4354
        3         1       4.4095    1.4167    0.6326    2.3602
        4         2       4.0095    0.7083    0.7934    2.5078
        1         2       3.8095    0.0000    0.7695    3.0400
        2         3       4.1429    0.7083    0.7803    2.6542
        3         2       4.1095    0.7083    0.8730    2.5282
        4         3       3.9762    0.7083    0.9074    2.3605
        4         1       4.2762    1.4167    0.6049    2.2546
        1         1       3.9429    0.0000    0.7394    3.2034
        2         1       3.7095    0.0000    0.5473    3.1622
        4         2       4.0429    0.7083    0.7224    2.6121
        3         1       4.1095    0.7083    0.7031    2.6981
        1         1       3.8095    0.0000    0.5586    3.2509
        2         1       3.7762    0.0000    0.6234    3.1528
        4         1       3.8762    0.0000    0.6104    3.2657
        1         2       4.0762    0.7083    0.8997    2.4681
        4         3       4.0429    0.7083    0.7278    2.6067
        2         1       4.4429    1.4167    0.6518    2.3743
        2         1       3.7429    0.0000    0.7494    2.9934
        4         2       4.1095    0.7083    0.7024    2.6988
        3         1       3.9762    0.7083    0.6384    2.6294
        3         3       4.3429    1.4167    0.6767    2.2495
        3         1       4.4762    1.4167    0.8061    2.2534
        1         2       4.0762    0.7083    0.8717    2.4962
        3         2       3.7762    0.0000    0.5644    3.2118
        2         5       4.5429    2.1250    0.5294    1.8884
        3         2       4.5762    2.1250    0.6410    1.8102
        3         2       3.8095    0.0000    0.7199    3.0897
        4         7       5.2095    3.5417    0.6778    0.9901
        1         7       3.8095    0.0000    0.6011    3.2084
        3         6       4.1429    0.7083    0.7205    2.7140
        4         7       3.9762    0.7083    0.8995    2.3683
        4         7       3.8429    0.0000    0.5236    3.3193
        3         7       3.7429    0.0000    0.5765    3.1663
        1         7       3.9429    0.0000    0.9278    3.0150
        1         6       4.2095    0.7083    0.9382    2.5630
        4         7       4.0429    0.7083    0.6430    2.6916
        2         7       3.9429    0.0000    0.9161    3.0267
        2         7       3.7095    0.0000    0.9004    2.8091
        2         7       3.8762    0.0000    0.5200    3.3562
        1         6       4.0762    0.7083    0.6891    2.6787
        1         7       4.2095    0.7083    0.9499    2.5513
        1         7       3.7429    0.0000    0.7112    3.0317
        3         7       3.8095    0.0000    0.5390    3.2705
        2         7       3.8762    0.0000    0.7575    3.1187
        1         7       3.9429    0.0000    0.9982    2.9447
        4         6       4.1095    0.7083    0.6608    2.7404
        1         7       4.1762    0.7083    0.8579    2.6100
        2         1       5.5762    4.2500    0.5118    0.8144
        3         1       3.8429    0.0000    0.5255    3.3174
        4         1       3.8762    0.0000    0.9001    2.9761
